-1.8030000 11.8818000 2.0458000 -5.2728000
0.0071249 8.3661000 0.5078100 -3.8155000
0.2439400 1.4733000 -1.4192000 -0.5853500
3.5830000 -3.7971000 3.4391000 -0.1250100
-0.3838800 -1.0471000 8.0514000 0.4956700
5.4021000 3.1039000 -1.1536000 1.5651000
4.9249000 0.6890600 0.7734400 1.2095000
4.1927000 -3.2674000 2.5839000 0.2176600
-2.0631000 -1.5147000 1.2190000 0.4452400
0.1886800 0.7014800 -0.5118200 0.0055892
3.4669000 6.8700000 -1.0568000 -0.7314700
1.0987000 0.6394000 5.9890000 -0.5827700
-3.6227000 3.9958000 -0.3584500 -3.9047000
-2.0659000 1.0512000 -0.4629800 -1.0974000
4.6464000 10.5326000 -4.5852000 -4.2060000
-0.5687700 1.4174000 -1.4252000 -1.1246000
4.7072000 8.2957000 -2.5605000 -1.4905000
-2.0754000 1.2767000 -0.6420600 -1.2642000
3.8027000 0.8152900 2.1041000 1.0245000
0.8035500 2.8473000 4.3439000 0.6017000
0.6429500 7.1018000 0.3493000 -0.4133700
0.1103200 1.9741000 -3.3668000 -0.6525900
3.6941000 -3.9482000 4.2625000 1.1577000
-0.1610800 -6.4624000 8.3573000 -1.5216000
0.5706000 -0.0248000 1.2421000 -0.5621000
0.7744500 9.0552000 -2.4089000 -1.3884000
0.8620200 2.6963000 4.2908000 0.5473900
1.8994000 0.9746200 4.2265000 0.8137700
-0.9592300 0.0910390 6.2204000 -1.4828000
4.5645000 -3.6275000 2.8684000 0.2771400
4.8265000 0.8028700 1.6371000 1.1875000
-0.2951000 9.0489000 -0.5272500 -2.0789000
4.0680000 -2.9363000 2.1992000 0.5008400
1.3087000 4.9228000 2.0013000 0.2202400
3.9364000 10.5885000 -3.7250000 -4.3133000
-1.8343000 -6.5907000 5.6429000 0.5499800
-1.1005000 -7.2508000 6.0139000 0.3689500
4.1736000 3.3336000 -1.4244000 0.6042900
-0.8147900 -5.7381000 4.3919000 0.3211000
2.7831000 10.9796000 -3.5570000 -4.4039000
2.4527000 2.9653000 0.2002100 -0.0564790
-0.8783400 3.2570000 -3.6778000 -3.2944000
2.5635000 6.7769000 -0.6197900 0.3857600
-1.0941000 2.3072000 -2.5237000 -1.4453000
1.2262000 0.8959900 5.7568000 -0.1159600
3.9922000 -4.4676000 3.7304000 -0.1095000
1.4507000 8.7903000 -2.2324000 -0.6525900
0.5477700 10.3754000 -1.5435000 -4.1633000
1.1588000 8.9331000 -2.0807000 -1.1272000
-3.5359000 0.3041700 0.6569000 -0.2957000
2.7659000 0.6621600 4.1494000 -0.2840600
-1.5055000 0.0703460 6.8681000 -0.5064800
-2.8833000 1.7713000 0.6894600 -0.4638000
4.1711000 8.7220000 -3.0224000 -0.5969900
2.2034000 5.9947000 0.5300900 0.8499800
4.4072000 -0.0703650 2.0416000 1.1319000
-4.6765000 -5.6636000 10.9690000 -0.3344900
-3.8053000 2.4273000 0.6809000 -1.0871000
3.8660000 -2.6383000 1.9242000 0.1064500
-1.0555000 0.7945900 -1.6968000 -0.4676800
0.4283000 -0.9498100 -1.0731000 0.3211000
4.5691000 -4.4552000 3.1769000 0.0042961
0.2346000 -4.5152000 2.1195000 1.4448000
4.3365000 -3.5840000 3.6884000 0.7491200
-5.5250000 6.3258000 0.8976800 -6.6241000
-0.8940900 3.1991000 -1.8219000 -2.9452000
-2.0529000 3.8385000 -0.7954400 -1.2138000
0.6636500 -0.0455330 -0.1879400 0.2344700
-2.9498000 -8.2730000 10.2646000 1.1629000
1.5810000 0.8690900 -2.3138000 0.8241200
1.1432000 -3.7413000 5.5777000 -0.6357800
4.8278000 7.7598000 -2.4491000 -1.2216000
5.1129000 -0.4987100 0.6286300 1.1189000
0.5623200 1.0015000 -2.2726000 -0.0060486
-2.4561000 -4.5566000 6.4534000 -0.0564790
1.0607000 2.4542000 2.5188000 -0.1702700
-1.5228000 -6.4789000 5.7568000 0.8732500
5.2418000 10.5388000 -4.1174000 -4.2797000
3.8832000 6.4023000 -2.4320000 -0.9836300
-1.7697000 3.4329000 -1.2144000 -2.3789000
-2.5724000 -0.9560200 2.7073000 -0.1663900
-2.8267000 -9.0407000 9.0694000 -0.9823300
-1.3971000 3.3191000 -1.3927000 -1.9948000
3.9166000 10.2491000 -4.0926000 -4.4659000
2.4226000 -4.5752000 5.9470000 0.2150700
-0.4924100 0.8939200 -1.6283000 -0.5685400
3.6702000 2.9942000 0.8514100 0.3068800
-1.0116000 -0.1903800 -0.9059700 0.0030030
2.6946000 6.7976000 -0.4030100 0.4491200
1.9105000 8.8710000 -2.3386000 -0.7560400
3.3397000 -4.6145000 3.9823000 -0.2375100
-2.9662000 -10.3257000 8.7840000 -2.1138000
4.9852000 8.3516000 -2.5425000 -1.2823000
0.2594300 5.0097000 -5.0394000 -6.3862000
2.6648000 10.7540000 -3.3994000 -4.1685000
2.8672000 10.0008000 -3.2049000 -3.1095000
0.7442800 -3.7723000 1.6131000 1.5754000
-1.8584000 7.8860000 -1.6643000 -1.8384000
3.9382000 0.9291000 0.7854300 0.6767000
-0.6987900 -3.3771000 4.1211000 1.5043000
-1.4628000 -1.5706000 2.4357000 0.4982600
5.0452000 3.8964000 -1.4304000 0.8629100
2.9421000 7.4101000 -0.9770900 -0.8840600
0.6005000 1.9327000 -3.2888000 -0.3241500
-1.1804000 11.5093000 0.1556500 -6.8194000
-1.6820000 -6.8121000 7.1398000 1.3323000
1.5478000 9.1814000 -1.6326000 -1.7375000
3.7831000 10.0526000 -3.8869000 -3.7366000
1.1620000 10.2926000 -1.2821000 -4.0392000
3.8117000 10.1457000 -4.0463000 -4.5629000
1.2279000 4.0309000 -4.6435000 -3.9125000
0.0040545 0.6290500 -0.6412100 0.7581700
1.7331000 3.9544000 -4.7412000 -2.5017000
-1.8187000 -9.0366000 9.0162000 -0.1224300
-0.0921940 0.3931500 -0.3284600 -0.1379400
2.5331000 2.9135000 -0.8220000 -0.1224300
-0.1668200 5.8974000 0.4983900 -0.7004400
-0.3481000 -0.3869600 -0.4784100 0.6262700
-2.9020000 -7.6563000 11.8318000 -0.8426800
-1.1859000 -1.2519000 2.2635000 0.7723900
-0.2801500 3.0729000 -3.3857000 -2.9155000
1.5631000 0.8959900 -1.9702000 0.6547200
0.3798400 0.7097500 0.7571600 -0.4444100
4.1757000 10.2615000 -3.8552000 -4.3056000
3.5770000 2.4004000 1.8908000 0.7323100
-0.7799500 3.2322000 -3.2820000 -3.1004000
-1.4800000 -10.5244000 9.9176000 -0.5026000
0.4957100 10.2243000 -1.0970000 -4.0159000
0.2663700 0.7325200 -0.6789100 0.0353300
3.8417000 10.0215000 -4.2699000 -4.9159000
-3.7300000 -12.9723000 12.9817000 -2.6840000
4.2134000 -2.8060000 2.0116000 0.6741200
-1.8219000 -6.8824000 5.4681000 0.0573130
3.3577000 -4.3062000 6.0241000 0.1827400
-4.3967000 4.9601000 -0.6489200 -5.4719000
-0.5500800 2.8659000 -1.6488000 -2.4319000
-2.7264000 3.9213000 -0.4921200 -3.6371000
4.8077000 2.2327000 -0.2633400 1.5534000
-1.2528000 10.2036000 2.1787000 -5.6038000
-0.8954200 2.0279000 -2.3652000 -1.2746000
0.5593900 -0.3104000 0.1830700 0.4465300
-0.8260100 2.9611000 -1.2864000 -1.4647000
0.6549700 5.1815000 1.0673000 -0.4211300
2.0597000 -0.9932600 5.2119000 -0.2931200
4.9264000 5.4960000 -2.4774000 -0.5064800
3.9719000 1.0367000 0.7597300 1.0013000
3.8584000 0.7842500 1.1033000 1.7008000
4.5707000 7.2094000 -3.2794000 -1.4944000
-2.5463000 3.1101000 -0.8322800 -3.0358000
5.8862000 5.8747000 -2.8167000 -0.3008700
0.0302190 -1.0512000 1.4024000 0.7736900
3.5912000 3.0129000 0.7288800 0.5642100
2.9499000 2.2493000 1.3458000 -0.0370830
2.9719000 6.8369000 -0.2702000 0.7129100
0.1734600 7.8695000 0.2687600 -3.7883000
4.9342000 2.4107000 -0.1759400 1.6245000
-5.1216000 -5.3118000 10.3846000 -1.0612000
-0.4196500 2.9094000 -1.7859000 -2.2069000
3.9994000 0.9042700 1.1693000 1.6892000
-2.1802000 3.3791000 -1.2256000 -2.6621000
2.0911000 0.9435800 4.5512000 1.2340000
-1.8448000 1.2540000 0.2721800 -1.0728000
-2.2261000 12.5398000 2.9438000 -3.5258000
-0.6144200 -0.0910580 -0.3181800 0.5021400
-0.1171600 0.6042200 -0.3858700 -0.0590650
1.1317000 3.9647000 3.3979000 0.8435100
-0.7679400 3.4598000 -3.4405000 -3.4276000
2.0310000 1.8520000 -3.0121000 0.0030030
4.9294000 0.2772700 0.2079200 0.3366200
0.7573600 3.0294000 2.9164000 -0.0681170
-0.4746500 -4.3496000 1.9901000 0.7517000
-2.8619000 4.5193000 -0.5812300 -4.2629000
2.1464000 6.0795000 -0.5778000 -2.2302000
0.9422500 5.8561000 1.8762000 -0.3254400
-4.7462000 3.1205000 1.0750000 -1.2966000
3.0242000 -3.3378000 2.5865000 -0.5478500
1.1166000 8.6496000 -0.9625200 -1.8112000
4.6361000 -2.6611000 2.8358000 1.1991000
4.5597000 -2.4211000 2.6413000 1.6168000
1.1558000 6.4003000 1.5506000 0.6961000
2.1265000 6.8783000 0.4478400 -2.2224000
-1.5252000 -6.2534000 5.3524000 0.5991200
5.6272000 10.0857000 -4.2931000 -3.8142000
0.3292000 -4.4552000 4.5718000 -0.9888000
-5.3857000 9.1214000 -0.4192900 -5.9181000
0.4339000 5.5395000 2.0330000 -0.4043200
-2.5880000 3.8654000 -0.3336000 -1.2797000
3.0632000 -3.3315000 5.1305000 0.8267000
3.2303000 7.8384000 -3.5348000 -1.2151000
-2.9672000 -13.2869000 13.4727000 -2.6271000
1.3518000 1.0595000 -2.3437000 0.3999800
0.2108400 9.4359000 -0.0945430 -1.8590000
-1.7490000 -6.3320000 6.0987000 0.1426600
0.3901200 -0.1427900 -0.0319940 0.3508400
1.3183000 1.9017000 -3.3111000 0.0650710
-5.2406000 6.6258000 -0.1990800 -6.8607000
1.3049000 -0.1552100 6.4911000 -0.7534600
1.7819000 6.9176000 -1.2744000 -1.5759000
-4.0786000 2.9239000 0.8702600 -0.6538900
1.4578000 -0.0848500 4.1785000 0.5913600
-2.7338000 0.4552300 2.4391000 0.2176600
5.2012000 0.3269400 0.1796500 1.1797000
2.5367000 2.5990000 2.0938000 0.2008500
2.9856000 7.2673000 -0.4090000 -2.2431000
-2.0897000 10.8265000 2.3603000 -3.4198000
0.8158300 4.8400000 -5.2613000 -6.0823000
3.7791000 2.5762000 1.3098000 0.5655000
1.8114000 7.6067000 -0.9788000 -2.4668000
3.5438000 1.2395000 1.9970000 2.1547000
-2.2617000 -4.7428000 6.3489000 0.1116200
-3.3793000 -13.7731000 17.9274000 -2.0323000
-2.1668000 1.5933000 0.0451220 -1.6780000
0.6365500 5.2022000 -5.2159000 -6.1211000
-1.6162000 0.8090800 8.1628000 0.6081700
-0.7034600 2.9570000 -3.5947000 -3.1457000
2.6415000 7.5860000 -0.2856200 -1.6677000
-0.8353500 0.8049400 -1.6411000 -0.1922500
4.3937000 0.3579800 2.0416000 1.2004000
-0.9078400 -7.9026000 6.7807000 0.3417900
4.1373000 0.4924800 1.0930000 1.8276000
5.0429000 -0.5297400 0.5043900 1.1060000
3.8213000 0.2317500 2.0133000 2.0564000
0.5734000 9.1938000 -0.9094000 -1.8720000
1.9572000 -5.1153000 8.6127000 -1.4297000
-3.9172000 2.6652000 0.7888600 -0.7819000
0.6212000 3.6771000 -4.0771000 -2.0711000
-2.3430000 12.9516000 3.3285000 -5.9426000
4.4682000 2.2907000 0.9576600 0.8305800
-0.6974500 -1.7672000 -0.3447400 -0.1237200
-2.0149000 3.6874000 -1.9385000 -3.8918000
2.3925000 9.7980000 -3.0361000 -2.8224000
5.0214000 8.0764000 -3.0515000 -1.7155000
-1.8483000 0.3103800 0.7734400 1.4189000
-6.7387000 6.9879000 0.6783300 -7.5887000
-2.3221000 -9.3304000 9.2330000 -0.7987100
-0.1729600 -1.1816000 1.3818000 0.7336000
4.0552000 0.4014300 1.4563000 0.6534300
2.1721000 -0.7387400 5.4672000 -0.7237100
-3.3884000 -8.2150000 10.3315000 0.9818700
-0.8205300 0.6518100 -0.4886900 -0.5271600
-2.5912000 -0.1055400 1.2798000 1.0414000
-0.7784800 3.4019000 -3.4859000 -3.5569000
2.2290000 9.6325000 -3.1123000 -2.7164000
1.1811000 8.3847000 -2.0567000 -0.9034500
-0.7579300 2.5349000 -3.0464000 -1.2629000
2.9736000 8.7944000 -3.6359000 -1.3754000
-1.0292000 -6.3879000 5.5255000 0.7995500
0.2387400 2.0879000 -3.3522000 -0.6655300
-4.4779000 7.3708000 -0.3121800 -6.7754000
2.6719000 3.0646000 0.3715800 0.5861900
-1.7976000 -6.7686000 6.6753000 0.8991200
-3.5681000 -8.2130000 10.0830000 0.9676500
-4.6338000 -12.7509000 16.7166000 -3.2168000
-2.9883000 0.3124500 0.4504100 0.0689510
-1.2244000 1.7485000 -1.4801000 -1.4181000
5.7456000 10.1808000 -4.7857000 -4.3366000
0.1159200 3.2219000 -3.4302000 -2.8457000
0.0250130 3.3998000 -4.4327000 -4.2655000
-1.0050000 0.0848310 -0.2462000 0.4568800
-0.7149400 -4.4448000 2.2241000 0.4982600
-4.0173000 -8.3123000 12.4547000 -1.4375000
0.8329200 7.5404000 0.6500500 -0.9254400
4.8851000 1.5995000 -0.0002908 1.6401000
-1.9551000 -6.9756000 5.5383000 -0.1288900
-2.4725000 -0.4014500 1.4855000 1.1189000
4.0422000 -4.3910000 4.7466000 1.1370000
3.6181000 -3.7454000 2.8273000 -0.7120800
6.0919000 2.9673000 -1.3267000 1.4551000
3.4642000 10.6878000 -3.4071000 -4.1090000
2.8232000 10.8513000 -3.1466000 -3.9784000
-6.0598000 9.2952000 -0.4364200 -6.3694000
6.8248000 5.2187000 -2.5425000 0.5461000
-2.3797000 -1.4402000 1.1273000 0.1607600
4.2969000 7.6170000 -2.3874000 -0.9616400
1.7257000 -4.4697000 8.2219000 -1.8073000
2.2504000 3.5757000 0.3527300 0.2836000
1.3754000 8.8793000 -1.9136000 -0.5375100
-0.0068919 9.2931000 -0.4124300 -1.9638000
-2.3142000 2.0838000 -0.4681300 -1.6767000
-1.2537000 10.8803000 1.9310000 -4.3237000
-0.6447200 -4.6062000 8.3470000 -2.7099000
-2.2625000 -0.0993350 2.8127000 0.4866200
-0.1178300 -1.5789000 8.0300000 -0.0280310
-3.8826000 4.8980000 -0.9231100 -5.0801000
0.5180000 0.2586500 -0.8408500 0.9611800
4.1962000 0.7449300 0.8325600 0.7530000
4.6014000 5.6264000 -2.1235000 0.1930900
-1.8554000 -9.6035000 7.7764000 -0.9771600
-3.2051000 -0.1427900 0.9756500 0.0456750
2.3969000 0.2358900 4.8477000 1.4370000
-3.7181000 -8.5089000 12.3630000 -0.9551800
-2.5919000 -1.0553000 3.8949000 0.7775700
2.2279000 4.0951000 -4.8037000 -2.1112000
-2.7143000 11.4535000 2.1092000 -3.9629000
-1.0833000 -0.3124700 1.2815000 0.4129100
2.5605000 9.2683000 -3.5913000 -1.3560000
-1.6706000 -2.0900000 1.5840000 0.7116200
-0.1262400 10.3216000 -3.7121000 -6.1185000
3.0934000 -2.9177000 2.2232000 0.2228300
-0.7432400 -0.3290200 -0.4278500 0.2331700
0.5982300 3.5012000 -3.9795000 -1.7841000
-2.3242000 11.5176000 1.8231000 -5.3750000
-2.7914000 1.7734000 6.7756000 -0.3991500
-7.0421000 9.2000000 0.2593300 -4.6832000
5.3586000 3.7557000 -1.7345000 1.0789000
-1.7860000 -8.1157000 7.0858000 -1.2112000
-4.9447000 3.3005000 1.0630000 -1.4440000
1.3451000 0.2358900 -1.8785000 1.3258000
-3.6012000 -6.5389000 10.5234000 -0.4896700
-1.1391000 1.8127000 6.9144000 0.7012700
-1.7064000 3.3088000 -2.2829000 -2.1978000
-4.1244000 3.7909000 -0.6532000 -4.1802000
2.6881000 6.0195000 -0.4664100 -0.6926800
3.4626000 -4.4490000 3.5427000 0.1542900
-0.9607000 2.6963000 -3.1226000 -1.3121000
4.0102000 10.6568000 -4.1388000 -5.0646000
4.1654000 -3.4495000 3.6430000 1.0879000
2.7391000 7.4018000 0.0716840 -2.5302000
3.4667000 -4.0724000 4.2882000 1.5418000
-2.4621000 2.7645000 -0.6257800 -2.8573000
0.3798000 0.7098000 0.7572000 -0.4444000
-0.3602500 -4.4490000 2.1067000 0.9430800
1.1518000 1.3864000 5.2727000 -0.4353600
-1.7559000 11.9459000 3.0946000 -4.8978000
-0.1673500 7.6274000 1.2061000 -3.6241000
0.6421500 3.1287000 4.2933000 0.6469600
3.4092000 5.4049000 -2.5228000 -0.8995800
-1.8411000 10.8306000 2.7690000 -3.0901000
0.7780500 6.6424000 -1.1425000 -1.0573000
-2.7990000 1.9679000 -0.4235700 -2.1125000
4.0405000 0.5152400 1.0279000 1.1060000
1.9429000 6.3961000 0.0922480 0.5810200
4.3398000 -5.3036000 3.8803000 -0.7043200
0.6165200 3.8944000 -4.7275000 -4.3948000
-2.3629000 -0.1055400 1.9336000 1.1358000
-2.2580000 -9.3263000 9.3727000 -0.8594900
-2.2340000 -7.0314000 7.4936000 0.6133400
-0.3043200 2.6528000 -2.7756000 -0.6564700
2.8084000 11.3045000 -3.3394000 -4.4194000
2.6140000 8.0081000 -3.7258000 -1.3069000
1.5356000 9.1772000 -2.2718000 -0.7353500
0.4879700 3.5674000 -4.3882000 -3.8116000
2.4012000 1.6223000 3.0312000 0.7167900
-3.4605000 2.6901000 0.1616500 -1.0224000
1.1676000 9.1566000 -2.0867000 -0.8064700
-0.6907800 -0.5007700 -0.3541700 0.4749800
1.2138000 8.7986000 -2.1672000 -0.7418200
3.8969000 7.4163000 -1.8245000 0.1400700
0.8960600 10.5471000 -1.4175000 -4.0327000
5.8782000 5.9409000 -2.8544000 -0.6086300
3.1896000 5.7526000 -0.1853700 -0.3008700
2.3136000 10.6651000 -3.5288000 -4.7672000
-1.2846000 3.2715000 -1.7671000 -3.2608000
4.3634000 0.4635100 1.4281000 2.0202000
2.8561000 6.9176000 -0.7937200 0.4840300
-1.7582000 2.7397000 -2.5323000 -2.2340000
3.0009000 5.8126000 -2.2306000 -0.6655300
-0.3821400 8.3909000 2.1624000 -3.7405000
-5.8818000 7.6584000 0.5558000 -2.9155000
3.5189000 6.3320000 -1.7791000 -0.0202730
0.6788600 4.1199000 -4.5690000 -4.1414000
-1.4427000 3.2922000 -1.9702000 -3.4392000
4.1542000 7.2756000 -2.4766000 -1.2099000
0.5529800 -3.4619000 1.7048000 1.1008000
0.7057000 -5.4981000 8.3368000 -2.8715000
-1.9555000 0.2069200 1.2473000 -0.3707000
-1.9725000 2.8825000 -2.3086000 -2.3724000
0.8557400 0.0082678 6.6042000 -0.5310400
-1.3660000 0.1841600 0.9053900 1.5806000
4.6160000 10.1788000 -4.2185000 -4.4245000
-1.9177000 11.6894000 2.5454000 -3.2763000
-2.1786000 -6.4479000 6.0344000 -0.2077700
-3.4083000 4.8587000 -0.7688800 -4.8668000
2.5650000 8.6330000 -2.9941000 -1.3082000
-3.0000000 -9.1566000 9.5766000 -0.7301800
-1.9116000 -6.1603000 5.6060000 0.4853300
-0.5081600 2.8680000 -1.8108000 -2.2612000
-0.8734000 1.6533000 -2.1964000 -0.7806100
2.2091000 7.4556000 -1.3284000 -3.3021000
4.0713000 10.4023000 -4.1722000 -4.7582000
-0.3650600 2.8928000 -3.6461000 -3.0603000
-3.7244000 1.9037000 -0.0354210 -2.5095000
-3.1366000 0.4221200 2.6225000 -0.0642380
4.0296000 2.6756000 0.8068500 0.7167900
2.8050000 0.5773200 1.3424000 1.2133000
-3.5741000 3.9440000 -0.0791200 -2.1203000
3.9433000 2.5017000 1.5215000 0.9030000
-2.1241000 -6.8969000 5.5992000 -0.4715600
3.9479000 -3.7723000 2.8830000 0.0198130
3.9460000 6.8514000 -1.5443000 -0.5582000
0.9131500 3.3377000 -4.0557000 -1.6741000
2.8880000 0.4469600 4.5907000 -0.2439800
-0.2780000 8.1881000 -3.1338000 -2.5276000
-1.6637000 3.2881000 -2.2701000 -2.2224000
4.0127000 10.1477000 -3.9366000 -4.0728000
4.3684000 9.6718000 -3.9606000 -3.1625000
-3.7930000 -12.7095000 12.7957000 -2.8250000
-6.2003000 8.6806000 0.0091344 -3.7030000
-0.9651100 9.4111000 1.7305000 -4.8629000
3.6575000 7.2797000 -2.2692000 -1.1440000
4.1195000 10.9258000 -3.8929000 -4.1802000
-2.9821000 4.1986000 -0.5898000 -3.9642000
2.1881000 2.7356000 1.3278000 -0.1832000
2.8523000 9.0096000 -3.7610000 -3.3371000
1.9818000 9.2621000 -3.5210000 -1.8720000
0.6601800 10.3878000 -1.4029000 -3.9151000
0.3311100 4.5731000 2.0570000 -0.1896700
-1.6952000 1.0657000 8.8294000 0.9495500
-1.2576000 1.5892000 7.0078000 0.4245500
0.3955900 6.8866000 1.0588000 -0.6758700
-0.9592300 -6.7128000 4.9857000 0.3288600
-1.9790000 3.2301000 -1.3575000 -2.5819000
-0.7056000 8.7241000 2.2215000 -4.5965000
0.3244400 10.0670000 -1.1982000 -4.1284000
0.5746100 10.1105000 -1.6917000 -4.3922000
-3.2305000 -7.2135000 11.6433000 -0.9461300
-1.8387000 -6.3010000 5.6506000 0.1956700
1.3114000 4.5462000 2.2935000 0.2254100
-4.8554000 -5.9037000 10.9818000 -0.8219900
-1.7263000 -6.0237000 5.2419000 0.2952400
-2.4554000 -9.0407000 8.8620000 -0.8698300
-5.9034000 6.5679000 0.6766100 -6.6797000
-7.0364000 9.2931000 0.1659400 -4.5396000
-0.9131800 -2.0113000 -0.1956500 0.0663650
-1.7781000 0.8546000 7.1303000 0.0275720
5.0617000 -0.3579900 0.4469800 0.9986800
-0.6329800 -5.1277000 4.5624000 1.4797000
1.4276000 8.3847000 -2.0995000 -1.9677000
-1.2369000 -1.6906000 2.5180000 0.5163600
3.4916000 8.5709000 -3.0326000 -0.5918200
2.6606000 3.1681000 1.9619000 0.1866200
-1.8629000 -0.8484100 2.5377000 0.0973990
-1.3389000 1.5520000 7.0806000 1.0310000
-3.5510000 1.8955000 0.1865000 -2.4409000
-1.7104000 -4.7780000 6.2109000 0.3974000
-2.3299000 -9.9532000 8.4756000 -1.8733000
-1.1193000 10.7271000 2.0938000 -5.6504000
-0.8633900 1.9348000 -2.3729000 -1.0897000
5.1731000 3.9606000 -1.9830000 0.4077400
3.2414000 0.4097100 1.4015000 1.1952000
-1.9389000 1.5706000 0.0459790 -1.1220000
-2.1059000 1.1815000 -0.5332400 -0.8271600
-4.5770000 3.4515000 0.6671900 -0.9474200
-0.6600800 -3.2260000 3.8058000 1.1836000
0.8681600 10.2429000 -1.4912000 -4.0082000
3.8905000 -2.1521000 2.6302000 1.1047000
-0.2780200 8.1881000 -3.1338000 -2.5276000
0.8725600 9.2931000 -0.7843000 -2.1978000
2.0466000 2.0300000 2.1761000 -0.0836340
0.6619100 9.6594000 -0.2881900 -1.6638000
-0.5396600 7.3273000 0.4658300 -1.4543000
2.3729000 10.4726000 -3.0087000 -3.2013000
1.5701000 7.9129000 0.2901800 -2.1953000
2.0922000 -6.8100000 8.4636000 -0.6021600
0.8887200 5.3449000 2.0450000 -0.1935500
-3.6085000 3.3253000 -0.5195400 -3.5737000
-0.1269000 -1.1505000 -0.9513800 0.5784300
2.2517000 -5.1422000 4.2916000 -1.2487000
3.3299000 0.9125400 1.5806000 0.3935200
5.3063000 5.2684000 -2.8904000 -0.5271600
-1.4094000 -2.1252000 -0.1039700 -0.1922500
4.8368000 10.0132000 -4.3239000 -4.3276000
-4.0218000 -8.3040000 12.5550000 -1.5099000
1.8664000 7.7763000 -0.2384900 -2.9634000
-2.3518000 -4.8359000 6.6479000 -0.0603580
-1.7279000 -6.8410000 8.9494000 0.6805800
-1.3000000 10.2678000 -2.9530000 -5.8638000
3.9529000 -2.3548000 2.3792000 0.4827400
5.8070000 5.0097000 -2.2384000 0.4387800
0.8951200 4.7738000 -4.8431000 -5.5909000
-2.7611000 -10.5099000 9.0239000 -1.9547000
3.1377000 -4.1096000 4.5701000 0.9896300
-0.2062000 9.2207000 -3.7044000 -6.8103000
2.1943000 4.5503000 -4.9760000 -2.7254000
-1.4904000 -2.2183000 1.6054000 0.8939400
2.6213000 5.7919000 0.0656860 -1.5759000
2.2928000 9.0386000 -3.2417000 -1.2991000
1.6406000 3.5488000 1.3964000 -0.3642400
5.5910000 10.4643000 -4.3839000 -4.3379000
-1.5621000 -2.2121000 4.2591000 0.2797200
4.2772000 2.4955000 0.4855400 0.3611900
3.4040000 8.7261000 -2.9915000 -0.5724200
-3.5713000 -12.4922000 14.8881000 -0.4702700
-4.2859000 8.5234000 3.1392000 -0.9163900
-0.3603800 4.1158000 3.1143000 -0.3719900
-0.6432600 2.4748000 -2.9452000 -1.0276000
4.5679000 3.1929000 -2.1055000 0.2965300
2.9940000 7.2011000 -1.2153000 0.3211000
-0.7868900 9.5663000 -3.7867000 -7.5034000
-5.8730000 9.1752000 -0.2744800 -6.0422000
1.2247000 8.7779000 -2.2135000 -0.8064700
1.8314000 6.3672000 -0.0362780 0.0495540
1.4896000 3.4288000 -4.0309000 -1.4259000
-0.7186800 -5.7154000 3.8298000 1.0233000
-0.7351000 1.7361000 -1.4938000 -1.1582000
3.9362000 10.1622000 -3.8235000 -4.0172000
-3.7573000 -8.2916000 10.3032000 0.3805900
-3.6961000 -13.6779000 17.5795000 -2.6181000
-0.7828900 11.3603000 -0.3764400 -7.0495000
-4.3876000 -7.7267000 11.9655000 -1.4543000
2.9695000 5.6222000 0.2756100 -1.1556000
-2.2214000 -0.2379800 0.5600800 0.0560200
0.0096613 3.5612000 -4.4070000 -4.4103000
5.5040000 10.3671000 -4.4130000 -4.0211000
2.5089000 6.8410000 -0.0294230 0.4491200
2.8770000 -4.0599000 3.6259000 -0.3254400
3.7758000 7.1783000 -1.5195000 0.4012800
1.1472000 3.5985000 1.9387000 -0.4340600
-2.4835000 -7.4494000 6.8964000 -0.6448400
-1.5732000 1.0636000 -0.7123200 -0.8388000
-3.3604000 -0.3269600 2.1324000 0.6017000
0.3292000 -4.4552000 4.5718000 -0.9888000
3.8962000 -4.7904000 3.3954000 -0.5375100
-1.2568000 -1.4733000 2.8718000 0.4465300
1.2572000 4.8731000 -5.2861000 -5.8741000
2.1948000 1.3781000 1.1582000 0.8577400
-5.3012000 7.3915000 0.0296990 -7.3987000
1.3566000 4.2358000 2.1341000 0.3211000
4.4069000 10.9072000 -4.5775000 -4.4271000
1.5099000 0.0393070 6.2332000 -0.3034600
-6.3979000 6.4479000 1.0836000 -6.6176000
-0.2062000 9.2207000 -3.7044000 -6.8103000
-1.2390000 -6.5410000 4.8151000 -0.0332040
3.5257000 1.2829000 1.9276000 1.7991000
-0.3372900 -0.6497600 7.6659000 0.7232600
1.9321000 6.0423000 0.2601900 -2.0530000
5.0691000 0.2131300 0.2027800 1.2095000
3.9414000 -3.2902000 3.1674000 1.0866000
-2.0066000 -6.7190000 9.0162000 0.0999850
1.4884000 3.6274000 3.3080000 0.4892100
-2.0759000 10.8223000 2.6439000 -4.8370000
-3.7747000 2.5162000 0.8334100 -0.3099300
0.5195000 -3.2633000 3.0895000 -0.9849000
-2.2860000 -5.4484000 5.8039000 0.8823100
2.6718000 5.6574000 0.7297400 -1.4892000
-1.6176000 1.0926000 -0.3550200 -0.5995800
1.3349000 6.1189000 0.4649700 0.4982600
0.2687700 4.9870000 -5.1508000 -6.3913000
0.0453040 6.7334000 1.0708000 -0.9332000
-3.9933000 2.6218000 0.6286300 -1.1595000
4.0962000 10.1891000 -3.9323000 -4.1827000
1.5268000 -5.5871000 8.6564000 -1.7220000
3.3669000 -5.1856000 3.6935000 -1.1427000
-4.1479000 7.1225000 -0.0834040 -6.4172000
-0.6204300 0.5587000 -0.3858700 -0.6642300
-1.5322000 -5.0966000 6.6779000 0.1749800
1.3638000 -4.7759000 8.4182000 -1.8836000
0.9361100 8.6413000 -1.6351000 -1.3043000
2.5678000 3.5136000 0.6140600 -0.4069100
-1.4446000 2.1438000 -0.4724100 -1.6677000
-3.2854000 4.0372000 -0.4535600 -1.8228000
-5.4808000 8.1819000 0.2781800 -5.0323000
3.4359000 0.6621600 2.1041000 1.8922000
2.7161000 -4.2006000 4.1914000 0.1698100
-0.7086700 -5.5602000 4.0483000 0.9030000
4.2230000 1.1319000 0.7220200 0.9611800
0.2503500 9.3262000 -3.6873000 -6.2543000
-2.0962000 -7.1059000 6.6188000 -0.3370800
-0.2335600 3.2405000 -3.0669000 -2.7784000
-4.7331000 -6.1789000 11.3880000 -1.0741000
0.7376000 4.8525000 -4.7986000 -5.6659000
0.7452100 3.6357000 -4.4044000 -4.1414000
0.3798000 0.7098000 0.7572000 -0.4444000
1.1644000 3.8095000 -4.9408000 -4.0909000
-0.3981600 5.9781000 1.3912000 -1.1621000
1.6450000 7.8612000 -0.8759800 -3.5569000
5.1321000 -0.0310480 0.3261600 1.1151000
-2.5419000 -0.6580400 2.6842000 1.1952000
-2.3410000 12.3784000 0.7040300 -7.5836000
0.5195000 -3.2633000 3.0895000 -0.9849000
2.2893000 3.7330000 0.6312000 -0.3978600
-0.4085700 3.0977000 -2.9607000 -2.6892000
2.9543000 1.0760000 0.6457700 0.8939400
3.9232000 -3.2467000 3.4579000 0.8370500
5.7823000 5.5788000 -2.4089000 -0.0564790
-3.1273000 -7.1121000 11.3897000 -0.0836340
4.0047000 0.4593700 1.3621000 1.6181000
3.8840000 10.0277000 -3.9298000 -4.0819000
5.0320000 8.2026000 -2.6256000 -1.0341000
0.2483500 7.6439000 0.9885000 -0.8737100
3.5982000 7.1307000 -1.3035000 0.2124800
3.9262000 6.0299000 -2.0156000 -0.0655310
-0.7746100 -1.8768000 2.4023000 1.1319000
-2.3983000 12.6060000 2.9464000 -5.7888000
-4.0679000 2.4955000 0.7957100 -1.1039000
-2.2173000 1.4671000 -0.7268900 -1.1724000
4.4338000 9.8870000 -4.6795000 -3.7483000
2.0165000 -0.2524600 5.1707000 1.0763000
1.6849000 8.7489000 -1.2641000 -1.3858000
-2.6989000 12.1984000 0.6766100 -8.5482000
1.9476000 -4.7738000 8.5270000 -1.8668000
3.5862000 -3.0957000 2.8093000 0.2448100
-1.0112000 2.9984000 -1.1664000 -1.6185000
-6.5084000 8.7696000 0.2319100 -3.9370000
-1.7063000 2.7956000 -2.3780000 -2.3491000
-1.3946000 2.3134000 -0.4449900 -1.4905000
0.4966500 5.5270000 1.7785000 -0.4715600
3.4776000 8.8110000 -3.1886000 -0.9228500
3.8999000 1.7340000 1.6011000 0.9676500
4.6562000 7.6398000 -2.4243000 -1.2384000
-4.1958000 -8.1819000 12.1291000 -1.6017000
4.0948000 -2.9674000 2.3689000 0.7542900
2.2526000 9.9636000 -3.1749000 -2.9944000
-2.9786000 2.3445000 0.5266700 -0.4017300
0.3292000 -4.4552000 4.5718000 -0.9888000
-2.0285000 3.8468000 -0.6343500 -1.1750000
0.7406700 1.7299000 -3.1963000 -0.1457000
3.2718000 1.7837000 2.1161000 0.6133400
-1.8348000 11.0334000 3.1863000 -4.8888000
-1.8969000 -6.7893000 5.2761000 -0.3254400
2.0930000 8.3061000 0.0228440 -3.2724000
-0.5264500 -0.2483200 -0.4561300 0.4193800
1.1430000 0.8339100 5.4552000 -0.5698400
2.1274000 5.1939000 -1.7971000 -1.1763000
-1.9458000 11.2217000 1.9079000 -3.4405000
2.6799000 3.1349000 0.3407300 0.5848900
2.2429000 -4.1427000 5.2333000 -0.4017300
-3.3800000 -0.7077000 2.5325000 0.7180800
-1.4217000 11.6542000 -0.0576990 -7.1025000
-0.2166100 8.0329000 1.8848000 -3.8853000
-2.2804000 -0.3062600 1.3347000 1.3763000
-3.1128000 -6.8410000 10.7402000 -1.0172000
0.5706000 -0.0248000 1.2421000 -0.5621000
3.4820000 -4.1634000 3.5008000 -0.0784620
-1.9667000 11.8052000 -0.4047200 -7.8719000
-1.2792000 2.1376000 -0.4758400 -1.3974000
-1.5222000 10.8409000 2.7827000 -4.0974000
-4.4861000 -13.2889000 17.3087000 -3.2194000
-2.8829000 3.8964000 -0.1888000 -1.1672000
4.0026000 -3.5943000 3.5573000 0.2680900
4.1425000 -3.6792000 3.8281000 1.6297000
-0.9358700 -5.1008000 4.5367000 1.3866000
-0.8980900 -4.4862000 2.2009000 0.5073100
2.4673000 1.3926000 1.7125000 0.4142100
-2.5084000 -0.2276300 1.4880000 1.2069000
0.9644100 5.8395000 2.3235000 0.0663650
-0.6957200 8.6165000 1.8419000 -4.3289000
3.5152000 6.8224000 -0.6737700 -0.4689800
4.2458000 1.1981000 0.6663300 0.9469600
3.7935000 7.9853000 -2.5477000 -1.8720000
4.3640000 -3.1039000 2.3757000 0.7853200
-1.5220000 -6.6383000 5.7491000 -0.1069100
0.1173900 6.2761000 -1.5495000 -2.4746000
-2.0042000 -9.3676000 9.3333000 -0.1030300
-0.7768800 0.1303600 -0.0311370 -0.3538900
-1.6988000 -7.1163000 5.7902000 0.1672300
1.5456000 8.5482000 0.4187000 -2.1784000
-0.5307200 -0.0972650 -0.2179300 1.0426000
3.5288000 0.7159600 1.9507000 1.9375000
1.8533000 6.1458000 1.0176000 -2.0401000
1.0009000 7.7846000 -0.2821900 -2.6608000
0.0661290 2.4914000 -2.9401000 -0.6215600
-2.0046000 -0.4945700 1.3330000 1.6543000
4.4549000 2.4976000 1.0313000 0.9689400
-1.6662000 -0.3000500 1.4238000 0.0249860
0.9358400 8.8855000 -1.6831000 -1.6599000
0.9270300 9.4318000 -0.6626300 -1.6728000
0.7430700 11.1700000 -1.3824000 -4.0728000
4.0215000 -2.1914000 2.4648000 1.1409000
5.1213000 8.5565000 -3.3917000 -1.5474000
2.1080000 6.7955000 -0.1708000 0.4905000
3.9660000 3.9213000 0.7057400 0.3366200
0.6818000 4.8504000 -5.2133000 -6.1043000
0.4412500 2.9487000 4.3225000 0.7155000
0.2021600 1.9182000 -3.2828000 -0.6176800
4.7181000 10.0153000 -3.9486000 -3.8582000
2.5490000 6.1499000 -1.1605000 -1.2371000
-0.0361270 1.5250000 -1.4089000 -0.7612100
-0.4665100 2.3383000 -2.9812000 -1.0431000
-1.4572000 9.1214000 1.7425000 -5.1241000
-0.8172000 3.3812000 -3.6684000 -3.4560000
3.6244000 1.4609000 1.3501000 1.9284000
-0.4080400 0.5421400 -0.5272500 0.6586000
-2.4941000 3.5447000 -1.3721000 -2.8483000
0.9657400 8.3930000 -1.3610000 -1.4659000
2.6104000 8.0081000 -0.2359200 -1.7608000
-1.4233000 -0.9891200 2.3586000 0.3948100
-0.5390000 -5.1670000 3.4399000 0.0521410
-4.0025000 -13.4979000 17.6772000 -3.3202000
0.5898200 7.4266000 1.2353000 -2.9595000
0.9297000 -3.7971000 4.6429000 -0.2957000
-2.5754000 -5.6574000 6.1030000 0.6521400
0.8956600 7.7763000 -2.7473000 -1.9353000
1.6988000 2.9094000 2.9044000 0.1103300
0.0172700 8.6930000 1.3989000 -3.9668000
-2.3147000 3.6668000 -0.6969000 -1.2474000
1.4479000 -4.8794000 8.3428000 -2.1086000
-1.3995000 -1.9162000 2.5154000 0.5991200
0.8844400 6.5906000 0.5583700 -0.4418200
2.5817000 9.7546000 -3.1749000 -2.9957000
3.8200000 10.9279000 -4.0112000 -5.0284000
-5.0301000 7.5032000 -0.1339600 -7.5034000
-3.9204000 4.0723000 -0.2367800 -2.1151000
-2.5701000 -6.8452000 8.9999000 2.1353000
-1.1667000 -1.4237000 2.9241000 0.6611900
4.6054000 -4.0765000 2.7587000 0.3198100
-2.3675000 -0.4366300 1.6920000 -0.4301800
-2.0662000 0.1696700 -1.0054000 -0.8297500
3.3004000 7.0811000 -1.3258000 0.2228300
3.8023000 -3.8696000 4.0440000 0.9534300
5.7867000 7.8902000 -2.6196000 -0.4870800
0.1168600 3.7350000 -4.4379000 -4.3741000
2.4235000 9.5332000 -3.0789000 -2.7746000
3.4246000 -0.1469300 0.8034200 0.2913600
3.0333000 -2.5928000 2.3183000 0.3030000
3.6216000 8.6661000 -2.8073000 -0.4469900
1.9358000 8.1654000 -0.0234250 -2.2586000
-3.0731000 -0.5318100 2.3877000 0.7762700
3.6289000 0.8132200 1.6277000 0.7762700
-4.2249000 6.2699000 0.1582200 -5.5457000
0.9562600 2.4728000 4.4578000 0.2163600
3.1452000 5.8250000 -0.5143900 -1.4944000
-2.5526000 -7.3625000 6.9255000 -0.6681100
-1.4377000 -1.4320000 2.1144000 0.4206700
2.4391000 6.4417000 -0.8074300 -0.6913900
0.4736800 3.3605000 -4.5064000 -4.0431000
1.4501000 3.6067000 -4.0557000 -1.5966000
-3.5916000 -6.2285000 10.2389000 -1.1543000
-0.9171800 9.9884000 1.1804000 -5.2263000
1.9340000 -0.0000093 4.8160000 -0.3396700
5.1776000 8.2316000 -3.2511000 -1.5694000
2.1616000 -6.8804000 8.1517000 -0.0810480
-0.0620250 6.1975000 1.0990000 -1.1310000
2.0051000 -6.8638000 8.1320000 -0.2401000
-1.6244000 -6.3444000 4.6575000 0.1698100
0.7225200 -0.0538110 5.6703000 -1.3509000
-1.3414000 -2.0776000 2.8093000 0.6068800
0.0491750 6.1437000 1.7828000 -0.7211300
2.3164000 -2.6280000 3.1529000 -0.0862200
-1.6514000 -8.4985000 9.1122000 1.2379000
0.5706000 -0.0248410 1.2421000 -0.5620800
3.7522000 -3.6978000 3.9943000 1.3051000
-3.3553000 0.3559100 2.6473000 -0.3784600
4.8272000 3.0687000 0.6860400 0.8073100
2.8033000 9.0862000 -3.3668000 -1.0224000
2.7296000 2.8701000 0.5112400 0.5099000
0.2097700 -0.4614600 7.7267000 0.9094600
-2.6479000 10.1374000 -1.3310000 -5.4707000
-2.5665000 -6.8824000 7.5416000 0.7077400
4.3846000 -4.8794000 3.3662000 -0.0293240
0.2426100 0.5731800 -1.9402000 0.4400700
-3.3125000 0.1013900 0.5532300 -0.2957000
2.0007000 1.8644000 2.6491000 0.4736900
5.0185000 8.5978000 -2.9375000 -1.2810000
1.6032000 -4.7863000 8.5193000 -2.1203000
-2.2987000 -5.2270000 5.6300000 0.9172200
-0.4294000 -0.1469300 0.0442650 -0.1560500
2.0193000 0.8235600 4.6369000 1.4202000
-1.7589000 -6.4624000 8.4773000 0.3198100
3.6894000 9.8870000 -4.0788000 -4.3664000
-3.3924000 3.3564000 -0.7200400 -3.5233000
0.5022500 0.6538800 -1.1793000 0.3999800
-2.1652000 3.0211000 -2.4132000 -2.4241000
-3.9297000 -6.0816000 10.0958000 -1.0147000
3.7321000 -3.8840000 3.3577000 -0.0060486
1.3234000 3.2964000 0.2362000 -0.1198400
0.7589600 0.2917600 -1.6506000 0.8383400
-0.7869000 9.5663000 -3.7867000 -7.5034000
2.0962000 2.4769000 1.9379000 -0.0409620
-1.5768000 10.8430000 2.5462000 -2.9362000
-1.5078000 -7.3191000 7.8981000 1.2289000
2.4008000 9.3593000 -3.3565000 -3.3526000
0.9678800 7.1907000 1.2798000 -2.4565000
-0.4095100 -0.1552100 0.0605450 -0.0888070
1.9647000 6.9383000 0.5772200 0.6637700
-2.4198000 -0.2441800 0.7014600 0.4180900
3.6582000 5.6864000 -1.7157000 -0.2375100
2.5503000 -4.9518000 6.3729000 -0.4159600
-4.8426000 -4.9932000 10.4052000 -0.5310400
0.1478300 7.9460000 1.0742000 -3.3409000
-0.2985800 2.4769000 -2.9512000 -0.6616500
2.4287000 9.3821000 -3.2477000 -1.4543000
-0.5564800 3.2136000 -3.3085000 -2.7965000
-2.6479000 10.1374000 -1.3310000 -5.4707000
3.2422000 6.2265000 0.1222400 -1.4466000
-1.6001000 -9.5828000 9.4044000 0.0818820
3.3951000 1.1484000 2.1401000 2.0862000
3.2294000 7.7391000 -0.3781600 -2.5405000
-0.4928100 3.0605000 -1.8356000 -2.8340000
4.7432000 2.1086000 0.1368000 1.6543000
3.7798000 -3.3109000 2.6491000 0.0663650
-2.4365000 3.6026000 -1.4166000 -2.8948000
1.8216000 -6.4748000 8.0514000 -0.4185500
-2.6406000 -4.4159000 5.9830000 -0.1392400
2.6562000 10.7044000 -3.3085000 -4.0767000
-1.1313000 1.9037000 7.5339000 1.0220000
3.2692000 3.4184000 0.2070600 -0.0668240
4.3064000 8.2068000 -2.7824000 -1.4336000
5.6810000 7.7950000 -2.6848000 -0.9254400
-5.1661000 8.0433000 0.0442650 -4.4983000
-6.3364000 9.2848000 0.0142750 -6.7844000
3.3583000 10.3567000 -3.7301000 -3.6991000
0.5883600 10.7727000 -1.3884000 -4.3276000
1.1315000 7.9212000 1.0930000 -2.8444000
0.3763700 -0.8235800 0.7854300 0.7452400
2.6917000 10.8161000 -3.3000000 -4.2888000
1.5691000 6.3465000 -0.1828000 -2.4099000
-2.6479000 10.1374000 -1.3310000 -5.4707000
-2.3142000 -0.6849400 1.9833000 -0.4482900
-1.5572000 -9.8808000 8.1088000 -1.0806000
0.6437600 3.7640000 -4.4738000 -4.0483000
-6.2815000 6.6651000 0.5258100 -7.0107000
-1.1497000 1.2954000 7.7010000 0.6262700
-1.0744000 -6.3113000 5.3550000 0.8047200
-2.5346000 -0.7739200 3.3602000 0.0017100
-2.4604000 12.7302000 0.9173800 -7.6418000
0.1542300 0.1179400 -1.6823000 0.5952400
-0.0715030 3.7412000 -4.5415000 -4.2526000
-3.5985000 -13.6593000 17.6052000 -2.4927000
2.5698000 -4.4076000 5.9856000 0.0780020
4.7114000 2.0755000 -0.2702000 1.2379000
-3.2692000 -12.7406000 15.5573000 -0.1418200
3.2351000 9.6470000 -3.2074000 -2.5948000
-5.2943000 -5.1463000 10.3332000 -1.1181000
3.4805000 9.7008000 -3.7541000 -3.4379000
-2.5650000 -5.7899000 6.0122000 0.0469680
-1.8215000 2.7521000 -0.7226100 -2.3530000
-4.5046000 -5.8126000 10.8867000 -0.5284600
0.2733100 4.8773000 -4.9194000 -5.8198000
0.1848000 6.5079000 2.0133000 -0.8724200
2.0843000 6.6258000 0.4838200 -2.2134000
-2.3361000 11.9604000 3.0835000 -5.4435000
4.4295000 -2.3507000 1.7048000 0.9094600
2.0177000 1.7982000 -2.9581000 0.2099000
-2.9146000 4.0537000 -0.4569900 -4.0327000
-0.7728800 -7.4473000 6.4920000 0.3611900
3.2051000 8.6889000 -2.9033000 -0.7819000
3.0329000 2.2948000 2.1135000 0.3508400
-2.2153000 11.9625000 0.0785380 -7.7853000
-1.3000000 10.2678000 -2.9530000 -5.8638000
-6.3679000 8.0102000 0.4247000 -3.2207000
-1.9983000 -6.6072000 4.8254000 -0.4198400
-2.8391000 -6.6300000 10.4849000 -0.4211300
-0.1314400 -1.7775000 8.3316000 0.3521400
-2.1405000 -0.1676200 1.3210000 -0.2090600
-0.2139400 -0.6828700 0.0965320 1.1965000
0.7405400 0.3662500 2.1992000 0.4840300
0.1432900 -1.0885000 1.0039000 0.4879100
4.2188000 6.8162000 -1.2804000 0.7607600
0.0404980 8.5234000 1.4461000 -3.9306000
3.7818000 -2.8846000 2.2558000 -0.1573400
0.5081300 0.4779900 -1.9804000 0.5771400
3.9292000 -2.9156000 2.2129000 0.3081700
-2.4458000 1.6285000 -0.8854100 -1.4802000
4.1197000 -2.7956000 2.0707000 0.6741200
3.8846000 -3.0336000 2.5334000 0.2021400
-6.9599000 8.9931000 0.2182000 -4.5720000
1.0400000 -6.9321000 8.2888000 -1.2991000
-0.3627900 8.2895000 -1.9213000 -3.3332000
-1.2786000 -2.4087000 4.5735000 0.4762700
2.9742000 8.9600000 -2.9024000 -1.0379000
1.8993000 7.6625000 0.1539400 -3.1108000
-4.2110000 -12.4736000 14.9704000 -1.3884000
-1.3931000 1.5664000 7.5382000 0.7840300
3.9663000 10.1684000 -4.1131000 -4.6056000
-3.0986000 -10.4602000 8.9717000 -2.3427000
0.7712400 9.0862000 -1.2281000 -1.4996000
-3.3458000 -0.5049100 2.6328000 0.5370500
-0.9425500 0.0393070 -0.2419200 0.3159300
0.6808700 2.3259000 4.9085000 0.5499800
1.8967000 -2.5163000 2.8093000 -0.7974200
3.8384000 6.1851000 -2.0439000 -0.0332040
5.3915000 9.9946000 -3.8081000 -3.3642000
-2.2482000 3.0915000 -2.3969000 -2.6711000
2.8237000 2.8597000 0.1967800 0.5719600
2.0153000 1.8479000 3.1375000 0.4284300
1.0652000 8.3682000 -1.4004000 -1.6509000
3.5251000 0.7201000 1.6928000 0.6443800
2.8969000 0.7076800 2.2900000 1.8663000
-4.2887000 -7.8633000 11.8387000 -1.8978000
-0.1064800 -0.7677100 7.7575000 0.6417900
-0.6025400 1.7237000 -2.1501000 -0.7702700
1.6020000 6.1251000 0.5292400 0.4788600
1.3264000 1.0326000 5.6566000 -0.4133700
-3.1158000 -8.6289000 10.4403000 0.9715300
-1.3968000 -9.6698000 9.4652000 -0.3487200
3.8481000 10.1539000 -3.8561000 -4.2228000
-1.1188000 3.3357000 -1.3455000 -1.9573000
4.0632000 3.5840000 0.7254500 0.3948100
3.6922000 -3.9585000 4.3439000 1.3517000
-1.0401000 9.3987000 0.8599800 -5.3336000
-3.5637000 -8.3827000 12.3930000 -1.2823000
-1.9881000 0.9994500 -0.2856200 -0.7004400
-2.2811000 -0.8566900 2.7185000 0.0443820
-0.8471000 3.1329000 -3.0112000 -2.9388000
-0.0235790 7.1742000 0.7845700 -0.7573400
2.1059000 7.6046000 -0.4775500 -1.8461000
2.9571000 -4.5938000 5.9068000 0.5719600
5.4944000 1.5478000 0.0416940 1.9284000
-2.6864000 -0.0972650 0.6166300 0.0611920
1.5904000 2.2121000 -3.1183000 -0.1172500
-1.9423000 0.3766000 -1.2898000 -0.8245800
-0.9732500 -6.4168000 5.6026000 1.0323000
-0.0253140 -0.1738300 -0.1133900 1.2198000
-1.8782000 -6.5865000 4.8486000 -0.0215660
-2.6286000 0.1800200 1.7956000 0.9728200
1.7420000 -4.8090000 8.2142000 -2.0659000
1.6349000 3.2860000 2.8753000 0.0870540
0.9473200 -0.5711300 7.1903000 -0.6758700
-1.3885000 12.5026000 0.6911800 -7.5487000
-3.0799000 0.6083600 2.7039000 -0.2375100
-2.4840000 12.1611000 2.8204000 -3.7418000
-1.5877000 -6.6072000 5.8022000 0.3159300
0.2243200 -0.5214700 -0.4038600 1.2017000
3.7570000 -5.4236000 3.8255000 -1.2526000
0.9641400 5.6160000 2.2138000 -0.1250100
3.9772000 0.3352100 2.2566000 2.1625000
0.7616300 5.8209000 1.1959000 -0.6461300
3.2585000 -4.4614000 3.8024000 -0.1508700
-2.3898000 -0.7842700 3.0141000 0.7620500
0.8829800 0.6600900 6.0096000 -0.4327700
-1.7549000 -0.0807110 -0.7577400 -0.3707000
-1.7015000 -0.0103560 -0.9933700 -0.5310400
3.5829000 1.4423000 1.0219000 1.4008000
-6.4247000 9.5311000 0.0228440 -6.8517000
5.9374000 6.1664000 -2.5905000 -0.3655300
1.5514000 3.8013000 -4.9143000 -3.7483000
4.1349000 6.1189000 -2.4294000 -0.1961300
4.8906000 -3.3584000 3.4202000 1.0905000
-0.0149020 -1.0243000 -0.9402400 0.6495500
2.8297000 6.3485000 -0.7354600 -0.5866500
-1.7101000 -8.7903000 7.9735000 -0.4547500
-2.4100000 3.7433000 -0.4021500 -1.2953000
-2.2623000 12.1177000 0.2884600 -7.7581000
-3.6053000 -5.9740000 10.0916000 -0.8284600
3.4985000 3.1639000 0.2267700 -0.1651000
-3.7503000 -13.4586000 17.5932000 -2.7771000
3.5156000 10.1891000 -4.2759000 -4.9780000
-3.3863000 -12.9889000 13.0545000 -2.7202000
-2.5373000 -6.9590000 8.8054000 1.5289000
1.5940000 4.7055000 1.3758000 0.0818820
-5.6370000 8.1261000 0.1308100 -5.0142000
5.2620000 3.9834000 -1.5572000 1.0103000
-0.8734000 -0.0331180 -0.2016500 0.5577400
-2.2501000 3.3129000 -0.8836900 -2.8974000
4.1454000 7.2570000 -1.9153000 -0.8607800
0.8454600 3.4826000 -3.6307000 -1.3961000
4.2586000 11.2962000 -4.0943000 -4.3457000
3.3756000 -4.0951000 4.3670000 1.0698000
2.9233000 6.0464000 -0.1116800 -0.5866500
4.3483000 11.1079000 -4.0857000 -4.2539000
3.5499000 8.6165000 -3.2794000 -1.2009000
0.9670800 3.8426000 -4.9314000 -4.1323000
-5.0477000 -5.8023000 11.2440000 -0.3901000
3.2403000 -3.7082000 5.2804000 0.4129100
-4.9462000 3.5716000 0.8274200 -1.4957000
0.1908100 9.1297000 -3.7250000 -5.8224000
-1.9922000 11.6542000 2.6542000 -5.2107000
0.5195000 -3.2633000 3.0895000 -0.9849000
4.0715000 7.6398000 -2.0824000 -1.1698000
0.3332500 3.3108000 -4.5081000 -4.0120000
0.5194700 -3.2633000 3.0895000 -0.9849200
1.0194000 1.1029000 -2.3000000 0.5939500
3.4647000 -3.9172000 3.9746000 0.3611900
-1.5951000 -6.5720000 4.7689000 -0.9435400
1.2080000 4.0744000 -4.7635000 -2.6129000
3.5458000 9.3718000 -4.0351000 -3.9564000
-3.6817000 3.2239000 -0.6934700 -3.4004000
1.0552000 1.1857000 -2.6411000 0.1103300
1.9157000 6.0816000 0.2370500 -2.0116000
2.8261000 9.4007000 -3.3034000 -1.0509000
-0.1219600 8.8068000 0.9456600 -4.2267000
-0.2706800 3.2674000 -3.5562000 -3.0888000
-0.8956900 3.0025000 -3.6067000 -3.4457000
2.0421000 1.2436000 4.2171000 0.9042900
1.2960000 4.2855000 -4.8457000 -2.9013000
4.1529000 -3.9358000 2.8633000 -0.0176860
-3.0265000 -0.0620880 0.6860400 -0.0551860
0.5706000 -0.0248000 1.2421000 -0.5621000
3.7635000 2.7811000 0.6611900 0.3417900
-2.9915000 -6.6258000 8.6521000 1.8198000
0.1180600 0.3910800 -0.9822300 0.4284300
4.0524000 5.6802000 -1.9693000 0.0262790
1.8205000 6.7562000 0.0099913 0.3948100
0.5285500 0.9642700 4.0243000 -1.0483000
-0.7869000 9.5663000 -3.7867000 -7.5034000
5.0860000 3.2798000 -1.2701000 1.1189000
4.0972000 0.4697200 1.6671000 0.9159300
-3.8952000 3.8157000 -0.3130400 -3.8194000
-0.0012852 0.1386300 -0.1965100 0.0081754
-1.1306000 1.8458000 -1.3575000 -1.3806000
-6.7526000 8.8172000 -0.0619830 -3.7250000
0.5695300 7.6294000 1.5754000 -3.2233000
1.8592000 3.2074000 -0.1596600 -0.2620800
1.6472000 0.4821300 4.7449000 1.2250000
4.6689000 1.3098000 0.0554040 1.9090000
-6.6510000 6.7934000 0.6860400 -7.5887000
-3.0061000 -12.2377000 11.9552000 -2.1603000
-4.5531000 -12.5854000 15.4417000 -1.4983000
-0.2780000 8.1881000 -3.1338000 -2.5276000
1.3419000 -4.4221000 8.0900000 -1.7349000
3.7352000 9.5911000 -3.9032000 -3.3487000
2.1319000 -2.0403000 2.5574000 -0.0616520
-2.4560000 -0.2441800 1.4041000 -0.4586300
-6.1632000 8.7096000 -0.2162100 -3.6345000
-1.9409000 -8.6848000 9.1550000 0.9404900
-2.0545000 -10.8679000 9.4926000 -1.4116000
4.0932000 5.4132000 -1.8219000 0.2357600
2.2596000 -0.0331180 4.7355000 -0.2776000
2.8209000 7.3108000 -0.8185700 -1.8784000
4.6352000 -3.0087000 2.6773000 1.2120000
2.4860000 -0.9953300 5.3404000 -0.1547500
2.4196000 6.4665000 -0.7568800 0.2280000
-0.4994800 1.7734000 -2.2469000 -0.6810400
-3.5180000 2.8763000 0.1548000 -1.2086000
-1.8391000 -9.0883000 9.2416000 -0.1043200
0.0519790 7.0521000 -2.0541000 -3.1508000
3.1060000 9.5414000 -4.2536000 -4.0030000
1.2746000 8.8172000 -1.5323000 -1.7957000
-1.5075000 1.9224000 7.1466000 0.8913600
3.5761000 9.7753000 -3.9795000 -3.4638000
0.7049000 0.1717400 -1.7859000 0.3611900
3.8496000 9.7939000 -4.1508000 -4.4582000
-3.1875000 -7.5756000 11.8678000 -0.5788900
3.7982000 10.4230000 -4.1602000 -4.9728000
1.3403000 4.1323000 -4.7018000 -2.5987000
-1.6936000 2.7852000 -2.1835000 -1.9276000
-1.6029000 -0.3890300 1.6200000 1.9103000
-0.6097500 -4.0020000 1.8471000 0.6017000
0.2651700 2.4066000 -2.8416000 -0.5995800
-2.7419000 11.4038000 2.5394000 -5.5793000
3.6077000 6.8576000 -1.1622000 0.2823100
0.8899200 2.2638000 -3.1046000 -0.1185500
4.7285000 2.1065000 -0.2830500 1.5625000
-2.3277000 1.4381000 -0.8211400 -1.2862000
-0.5535500 -7.9233000 6.7156000 0.7439400
-3.9594000 4.0289000 -0.3584500 -3.8957000
5.7403000 -0.4428400 0.3801500 1.3763000
0.9297000 -3.7971000 4.6429000 -0.2957000
1.0182000 9.1090000 -0.6206400 -1.7129000
0.0625250 2.9301000 -3.5467000 -2.6737000
-1.3887000 -4.8773000 6.4774000 0.3417900
0.2996100 7.1328000 -0.3147500 -1.1828000
-0.3637200 3.0439000 -3.4816000 -2.7836000
4.7926000 1.7071000 -0.0517010 1.4926000
0.3825100 6.8121000 1.8128000 -0.6125100
-2.9098000 -10.0712000 8.4156000 -1.9948000
-2.6200000 -6.8555000 6.2169000 -0.6228500
0.9040700 3.3708000 -4.4987000 -3.6965000
4.1665000 -0.4449000 0.2344800 0.2784300
-1.7322000 -9.2828000 7.7190000 -1.7168000
2.2123000 -5.8395000 7.7687000 -0.8530200
-4.2932000 3.3419000 0.7725800 -0.9978500
-1.8046000 -6.8141000 6.7019000 1.1681000
-4.2440000 -13.0634000 17.1116000 -2.8017000
1.2706000 8.0350000 -0.1965100 -2.1888000
-4.8392000 6.6755000 -0.2427800 -6.5775000
3.4312000 6.2637000 -1.9513000 -0.3616500
-1.2424000 -1.7175000 -0.5255300 -0.2103600
-2.4115000 -9.1359000 9.3444000 -0.6525900
2.2634000 -4.4862000 3.6558000 -0.6125100
-1.8076000 -8.8131000 8.7086000 -0.2168200
3.6667000 4.3020000 0.5592300 0.3379100
-4.1409000 3.4619000 -0.4784100 -3.8879000
1.6799000 4.2068000 -4.5398000 -2.3931000
3.1836000 7.2321000 -1.0713000 -2.5909000
-4.3667000 6.0692000 0.5720800 -5.4668000
-0.2869600 3.1784000 -3.5767000 -3.1896000
2.9163000 10.8306000 -3.3437000 -4.1220000
-1.4106000 -7.1080000 5.6454000 0.3133500
-4.1429000 2.7749000 0.6826100 -0.7198400
-5.4901000 9.1048000 -0.3875800 -5.9763000
3.7440000 0.7945900 0.9585100 1.0077000
-0.2665400 -0.6456200 -0.4201400 0.8913600
-1.7886000 -6.3486000 5.6154000 0.4258400
-2.6685000 -10.4519000 9.1139000 -1.7323000
5.4188000 10.1457000 -4.0840000 -3.6991000
3.4566000 9.5228000 -4.0112000 -3.5944000
-1.0802000 2.1996000 -2.5862000 -1.2759000
1.0135000 8.4551000 -1.6720000 -2.0815000
5.1302000 8.6703000 -2.8913000 -1.5086000
1.2198000 2.0982000 -3.1954000 0.1284300
0.6005000 0.9994500 -2.2126000 0.0973990
2.2546000 8.0992000 -0.2487700 -3.2698000
-0.0480080 -1.6037000 8.4756000 0.7555800
3.9899000 -2.7066000 2.3946000 0.8629100
-3.5060000 -12.5667000 15.1606000 -0.7521600
3.1219000 -3.1370000 1.9259000 -0.3745800
-2.7908000 -5.7133000 5.9530000 0.4594600
3.8197000 8.9951000 -4.3830000 -4.0327000
-0.7206800 -6.7583000 5.8408000 0.6236900
4.2027000 0.2276100 0.9610800 0.9728200
1.0191000 2.3300000 4.9334000 0.8292900
0.6073100 3.9544000 -4.7720000 -4.4853000
-1.3414000 -1.9162000 -0.1553800 -0.1198400
0.3798000 0.7098000 0.7572000 -0.4444000
1.3562000 3.2136000 4.3465000 0.7866200
-1.5851000 -2.1562000 1.7082000 0.9017000
-2.5640000 -1.7051000 1.5026000 0.3275700
-3.8894000 -7.8322000 9.8208000 0.4749800
3.1088000 3.1122000 0.8085700 0.4336000
-3.4917000 -12.1736000 14.3689000 -0.6163900
2.0139000 6.1416000 0.3792900 0.5693800
1.0284000 9.7670000 -1.3687000 -1.7853000
1.9265000 7.7557000 -0.1682300 -3.0771000
-1.8439000 -8.6475000 7.6796000 -0.6668200
4.3435000 3.3295000 0.8359800 0.6495500
