1
7
3
1
0
7
4
6
0
4
7
0
7
7
1
1
0
0
4
7
5
0
0
1
1
0
0
7
4
4
1
7
0
1
0
6
7
7
1
0
0
3
2
0
0
4
1
1
0
0
0
0
0
7
1
4
6
0
0
0
1
0
0
7
7
0
1
4
1
0
0
0
7
4
5
0
7
0
0
0
7
1
1
7
0
0
0
5
7
0
1
4
0
0
1
0
5
7
0
1
0
0
0
0
7
0
1
4
4
1
7
4
1
0
0
0
0
0
1
5
5
5
0
0
7
0
0
0
0
7
0
1
0
4
0
5
0
4
7
0
0
1
7
5
0
0
0
0
1
0
4
0
0
0
0
0
0
0
0
7
1
4
0
0
1
1
0
0
5
0
0
7
1
7
0
4
4
1
7
1
7
0
1
1
5
0
1
0
0
0
7
0
1
0
1
1
4
5
0
1
7
0
1
1
1
7
1
4
1
1
0
0
0
0
7
4
0
7
0
7
7
7
0
1
7
0
1
1
4
0
4
4
0
0
0
7
1
0
0
0
1
1
4
7
1
7
0
4
0
1
0
4
1
0
0
0
4
5
0
1
7
0
1
4
1
0
7
1
