66.000 61.000 13.000
48.000 64.000 0.000
59.000 64.000 7.000
59.000 67.000 3.000
42.000 58.000 0.000
49.000 64.000 10.000
65.000 67.000 0.000
37.000 60.000 0.000
61.000 65.000 0.000
60.000 61.000 1.000
47.000 61.000 0.000
34.000 66.000 9.000
43.000 64.000 0.000
83.000 58.000 2.000
43.000 58.000 52.000
41.000 64.000 0.000
57.000 69.000 0.000
57.000 64.000 1.000
44.000 58.000 9.000
45.000 60.000 0.000
55.000 63.000 6.000
44.000 63.000 1.000
55.000 66.000 0.000
52.000 63.000 4.000
72.000 64.000 0.000
41.000 59.000 0.000
45.000 67.000 1.000
58.000 60.000 3.000
54.000 63.000 19.000
52.000 59.000 2.000
55.000 68.000 15.000
63.000 61.000 9.000
61.000 68.000 0.000
52.000 68.000 0.000
47.000 65.000 0.000
68.000 68.000 0.000
46.000 62.000 5.000
52.000 62.000 0.000
66.000 58.000 0.000
57.000 61.000 5.000
58.000 59.000 0.000
67.000 61.000 0.000
36.000 60.000 1.000
70.000 58.000 4.000
52.000 65.000 0.000
47.000 60.000 4.000
61.000 62.000 5.000
38.000 67.000 5.000
55.000 58.000 0.000
43.000 60.000 0.000
56.000 65.000 9.000
30.000 64.000 1.000
54.000 58.000 1.000
43.000 64.000 0.000
65.000 66.000 15.000
49.000 62.000 0.000
60.000 61.000 25.000
42.000 60.000 1.000
72.000 58.000 0.000
42.000 62.000 20.000
55.000 69.000 3.000
49.000 62.000 1.000
65.000 59.000 2.000
54.000 62.000 0.000
53.000 61.000 1.000
63.000 66.000 0.000
54.000 65.000 5.000
42.000 59.000 0.000
57.000 63.000 0.000
45.000 65.000 6.000
53.000 60.000 2.000
34.000 61.000 10.000
49.000 61.000 0.000
56.000 67.000 0.000
50.000 66.000 1.000
51.000 59.000 1.000
41.000 59.000 8.000
52.000 60.000 5.000
75.000 62.000 1.000
63.000 60.000 1.000
46.000 58.000 2.000
50.000 58.000 1.000
73.000 68.000 0.000
58.000 58.000 0.000
54.000 62.000 0.000
38.000 60.000 1.000
38.000 59.000 2.000
35.000 63.000 0.000
50.000 61.000 0.000
47.000 63.000 23.000
55.000 58.000 1.000
59.000 60.000 0.000
65.000 58.000 0.000
42.000 59.000 2.000
39.000 63.000 0.000
50.000 63.000 13.000
52.000 62.000 1.000
41.000 60.000 23.000
58.000 67.000 0.000
65.000 58.000 0.000
53.000 65.000 12.000
34.000 59.000 0.000
54.000 60.000 3.000
46.000 62.000 0.000
50.000 59.000 2.000
39.000 63.000 4.000
57.000 64.000 9.000
51.000 64.000 7.000
50.000 64.000 0.000
33.000 58.000 10.000
39.000 59.000 2.000
70.000 67.000 0.000
50.000 59.000 0.000
41.000 69.000 8.000
61.000 65.000 8.000
46.000 69.000 3.000
30.000 62.000 3.000
61.000 64.000 0.000
62.000 58.000 0.000
70.000 68.000 0.000
44.000 67.000 16.000
62.000 58.000 0.000
52.000 69.000 3.000
50.000 64.000 0.000
51.000 59.000 3.000
31.000 65.000 4.000
57.000 64.000 0.000
33.000 60.000 0.000
40.000 65.000 0.000
52.000 69.000 0.000
74.000 65.000 3.000
55.000 69.000 22.000
59.000 64.000 4.000
46.000 65.000 20.000
65.000 64.000 0.000
64.000 58.000 0.000
63.000 61.000 0.000
72.000 67.000 3.000
52.000 66.000 4.000
45.000 66.000 0.000
57.000 64.000 0.000
66.000 68.000 0.000
61.000 59.000 0.000
46.000 63.000 0.000
49.000 66.000 0.000
42.000 69.000 1.000
48.000 61.000 8.000
65.000 67.000 1.000
50.000 61.000 0.000
67.000 66.000 0.000
42.000 63.000 1.000
48.000 58.000 11.000
42.000 65.000 0.000
70.000 63.000 0.000
52.000 61.000 0.000
64.000 68.000 0.000
70.000 58.000 0.000
52.000 64.000 0.000
56.000 60.000 0.000
65.000 62.000 22.000
74.000 63.000 0.000
62.000 65.000 19.000
34.000 60.000 0.000
69.000 66.000 0.000
66.000 58.000 0.000
55.000 66.000 18.000
59.000 62.000 35.000
54.000 65.000 23.000
37.000 58.000 0.000
53.000 59.000 3.000
48.000 58.000 11.000
41.000 67.000 0.000
54.000 67.000 46.000
48.000 67.000 7.000
67.000 64.000 8.000
37.000 63.000 0.000
54.000 68.000 7.000
61.000 59.000 0.000
38.000 66.000 11.000
53.000 60.000 1.000
54.000 66.000 0.000
58.000 61.000 2.000
77.000 65.000 3.000
50.000 63.000 1.000
60.000 67.000 2.000
47.000 67.000 0.000
49.000 63.000 0.000
53.000 65.000 1.000
54.000 60.000 11.000
55.000 67.000 1.000
41.000 64.000 0.000
69.000 60.000 0.000
53.000 63.000 0.000
37.000 60.000 15.000
47.000 58.000 3.000
72.000 63.000 0.000
56.000 66.000 1.000
49.000 67.000 1.000
31.000 59.000 2.000
52.000 62.000 3.000
37.000 63.000 0.000
34.000 58.000 30.000
78.000 65.000 1.000
61.000 59.000 0.000
50.000 65.000 4.000
62.000 62.000 6.000
35.000 64.000 13.000
51.000 66.000 1.000
53.000 60.000 9.000
42.000 61.000 4.000
50.000 61.000 6.000
40.000 58.000 2.000
44.000 64.000 6.000
38.000 60.000 0.000
62.000 66.000 0.000
71.000 68.000 2.000
59.000 64.000 0.000
47.000 63.000 6.000
48.000 66.000 0.000
69.000 65.000 0.000
62.000 59.000 13.000
64.000 66.000 0.000
41.000 58.000 0.000
49.000 60.000 1.000
37.000 59.000 6.000
68.000 67.000 0.000
38.000 64.000 1.000
49.000 63.000 3.000
56.000 66.000 3.000
63.000 61.000 28.000
60.000 59.000 17.000
58.000 58.000 3.000
63.000 63.000 0.000
65.000 61.000 2.000
46.000 58.000 3.000
53.000 63.000 24.000
67.000 66.000 0.000
63.000 63.000 0.000
43.000 65.000 0.000
45.000 68.000 0.000
64.000 61.000 0.000
44.000 61.000 0.000
43.000 59.000 2.000
47.000 66.000 0.000
44.000 63.000 19.000
