0.000000000000
10.684910306437
0.526315789474
12.121971302208
1.052631578947
12.577803146459
1.578947368421
14.340567581904
2.105263157895
15.322813204375
2.631578947368
16.845178458818
3.157894736842
18.267791321944
3.684210526316
19.040081372542
4.210526315789
19.017314425798
4.736842105263
20.316847682222
5.263157894737
22.765375506641
5.789473684211
22.849229116579
6.315789473684
24.177559278920
6.842105263158
24.978915838689
7.368421052632
27.626727009092
7.894736842105
28.866003414412
8.421052631579
29.532190493024
8.947368421053
31.378084716653
9.473684210526
32.142693483627
10.000000000000
33.761100072652
-999999
